%YAML:1.0
R: !!opencv-matrix
   rows: 3
   cols: 3
   dt: d
   data: [ 9.9975847254556993e-001, 5.2926546249682273e-003,
       -2.1330362874779966e-002, -4.9116033051301178e-003,
       9.9982812551960132e-001, 1.7877236165956698e-002,
       2.1421314766419539e-002, -1.7768152041817899e-002,
       9.9961263499752584e-001 ]
T: !!opencv-matrix
   rows: 3
   cols: 1
   dt: d
   data: [ -3.3385304784599481e+000, 4.8747387793004165e-002,
       -1.0620664748971501e-001 ]
R1: !!opencv-matrix
   rows: 3
   cols: 3
   dt: d
   data: [ 9.9989928621054103e-001, -9.8654918930485471e-003,
       1.0202426444665333e-002, 9.7745764412874893e-003,
       9.9991241540365050e-001, 8.9229578633372789e-003,
       -1.0289562237726169e-002, -8.8223348012676905e-003,
       9.9990814143980766e-001 ]
R2: !!opencv-matrix
   rows: 3
   cols: 3
   dt: d
   data: [ 9.9938794698169287e-001, -1.4592513718687248e-002,
       3.1792923286276892e-002, 1.4874076753529262e-002,
       9.9985206495987533e-001, -8.6377101249931580e-003,
       -3.1662174095397858e-002, 9.1053137696190372e-003,
       9.9945715265473467e-001 ]
P1: !!opencv-matrix
   rows: 3
   cols: 4
   dt: d
   data: [ 4.2654814683422734e+002, 0., 3.2186302566528320e+002, 0., 0.,
       4.2654814683422734e+002, 2.4123078346252441e+002, 0., 0., 0., 1.,
       0. ]
P2: !!opencv-matrix
   rows: 3
   cols: 4
   dt: d
   data: [ 4.2654814683422734e+002, 0., 3.2186302566528320e+002,
       -1.4249161129444390e+003, 0., 4.2654814683422734e+002,
       2.4123078346252441e+002, 0., 0., 0., 1., 0. ]
Q: !!opencv-matrix
   rows: 4
   cols: 4
   dt: d
   data: [ 1., 0., 0., -3.2186302566528320e+002, 0., 1., 0.,
       -2.4123078346252441e+002, 0., 0., 0., 4.2654814683422734e+002, 0.,
       0., 2.9934965501429450e-001, 0. ]
