%YAML:1.0
M1: !!opencv-matrix
   rows: 3
   cols: 3
   dt: d
   data: [ 5.3470938062477103e+002, 0., 3.3513904121693014e+002, 0.,
       5.3470938062477103e+002, 2.4020855652311897e+002, 0., 0., 1. ]
D1: !!opencv-matrix
   rows: 1
   cols: 8
   dt: d
   data: [ -2.7456937795110609e-001, -1.8212562345612908e-002, 0., 0.,
       0., 0., 0., -2.4439538885103743e-001 ]
M2: !!opencv-matrix
   rows: 3
   cols: 3
   dt: d
   data: [ 5.3470938062477103e+002, 0., 3.3401513774200447e+002, 0.,
       5.3470938062477103e+002, 2.4159100388057468e+002, 0., 0., 1. ]
D2: !!opencv-matrix
   rows: 1
   cols: 8
   dt: d
   data: [ -2.8074013443413648e-001, 9.3081779154487371e-002, 0., 0., 0.,
       0., 0., 1.6452155678565238e-002 ]
